[SurfaceSheet]
enemies/enemies_0.png
#
[AmountEntity]
32
#
[InitAnimation]
{srcPos}
0.0 0.0|0.0 32.0|64.0 0.0|64.0 32.0|128.0 0.0|128.0 32.0|160.0 0.0|160.0 32.0|
0.0 64.0|0.0 96.0|64.0 64.0|64.0 96.0|128.0 64.0|128.0 96.0|160.0 64.0|160.0 96.0|
0.0 128.0|0.0 160.0|64.0 128.0|64.0 160.0|128.0 128.0|128.0 160.0|160.0 128.0|160.0 160.0|
0.0 192.0|0.0 224.0|64.0 192.0|64.0 224.0|128.0 192.0|128.0 224.0|160.0 192.0|160.0 224.0||
{srcDimens}
32.0 32.0 
{frame}
2 2 2 2 1 1 1 1 
2 2 2 2 1 1 1 1 
2 2 2 2 1 1 1 1 
2 2 2 2 1 1 1 1  
{holdTime}
0.16 0.16 0.16 0.16 0.16 0.16 0.16 0.16 
0.16 0.16 0.16 0.16 0.16 0.16 0.16 0.16 
0.16 0.16 0.16 0.16 0.16 0.16 0.16 0.16 
0.16 0.16 0.16 0.16 0.16 0.16 0.16 0.16  
#
[InitSprite]
{amountSprite}
4
{EntityPerSprite}
8 8 8 8  
#no